#JOSM PicLayer plugin calibration data
#Fri Jul 03 22:44:33 CEST 2020
POSITION_X=2318711.2938502403
POSITION_Y=6005905.826004342
INITIAL_SCALE=286.6506673903468
M00=0.11787046504119082
M11=0.11827191998135124
M10=-0.0027165185559654605
M02=325.1930626863543
M01=0.0026892666078534434
M12=110.08443358601009
