#JOSM PicLayer plugin calibration data
#Mon Jul 12 13:38:06 CEST 2021
POSITION_Y=6005110.608763357
POSITION_X=2321333.4294581567
M12=-6434.202874593661
M11=2.0992450095040263
M10=-0.0440838580281167
M02=10487.12568308772
INITIAL_SCALE=20.16397567475047
M01=0.04409168573606218
M00=2.0992746938986415
