#JOSM PicLayer plugin calibration data
#Thu Mar 16 21:29:55 CET 2023
POSITION_Y=6028466.600532349
POSITION_X=2117988.241081069
M12=-50427.355797880584
M11=391.3932279701298
M10=-6.097647256092723
M02=38140.83335328196
INITIAL_SCALE=80.57397483464837
M01=5.546031255551411
M00=404.48986992684826
