#JOSM PicLayer plugin calibration data
#Wed Jun 17 21:18:17 CEST 2020
POSITION_Y=5864898.534333777
POSITION_X=2367192.6513517983
M12=48.85670801916086
M11=0.051478970849640204
M10=-0.0014378000818763518
M02=-147.54401237597682
INITIAL_SCALE=657.2757330658361
M01=0.001437822379116348
M00=0.05147843645992726
