#JOSM PicLayer plugin calibration data
#Wed Jun 17 21:18:25 CEST 2020
POSITION_Y=5865582.8762423415
POSITION_X=2367473.326925333
M12=-763.0700409490979
M11=0.42651570712754294
M10=-0.01191988748073013
M02=-1414.5582712326627
INITIAL_SCALE=79.32252417703836
M01=0.011921243568973986
M00=0.4265168393436188
