#JOSM PicLayer plugin calibration data
#Tue Jan 24 10:53:11 CET 2023
POSITION_Y=6024551.599850169
POSITION_X=2122766.144152876
M12=107.85374062550228
M11=2.5340006375224156
M10=0.0056643132263059295
M02=815.4850238357726
INITIAL_SCALE=645.8188403782439
M01=0.00398978949335291
M00=2.535896855131315
