#JOSM PicLayer plugin calibration data
#Tue Jan 24 10:56:38 CET 2023
POSITION_Y=6009913.9089335585
POSITION_X=2122460.3960397355
M12=83.07539013657606
M11=2.5340006375224156
M10=0.0056643132263059295
M02=817.7376904414148
INITIAL_SCALE=645.8188403782439
M01=0.00398978949335291
M00=2.535896855131315
