#JOSM PicLayer plugin calibration data
#Tue Jan 24 11:05:54 CET 2023
POSITION_Y=6030542.351942019
POSITION_X=2122608.4927820386
M12=99.42003647170155
M11=2.5520269369822093
M10=0.0018764747588252808
M02=818.4453982419041
INITIAL_SCALE=645.8188403782439
M01=0.001761412815220573
M00=2.543730858944322
