#JOSM PicLayer plugin calibration data
#Tue Jan 24 11:01:22 CET 2023
POSITION_Y=6029223.8132041
POSITION_X=2121801.1266707755
M12=95.72286837810368
M11=2.6114496025602865
M10=0.0034212913977866577
M02=834.2628645621669
INITIAL_SCALE=645.8188403782439
M01=0.003185285535273658
M00=2.5987497352257494
