#JOSM PicLayer plugin calibration data
#Tue Jan 24 11:03:05 CET 2023
POSITION_Y=6025392.407161307
POSITION_X=2123301.2033508723
M12=85.48701498786521
M11=2.5567805261282035
M10=-1.8108770114281158E-4
M02=811.86043238142
INITIAL_SCALE=645.8188403782439
M01=2.669124685547923E-4
M00=2.5458386743154056
