#JOSM PicLayer plugin calibration data
#Tue Jan 24 09:56:16 CET 2023
POSITION_Y=6026805.973508635
POSITION_X=2116740.1331631606
M12=1811.1614840529294
M11=4.163467586541706
M10=-0.0017251902222290873
M02=6728.753880960774
INITIAL_SCALE=213.79065136611098
M01=-0.0018413240677118276
M00=4.147181972881839
