#JOSM PicLayer plugin calibration data
#Wed May 20 23:16:05 CEST 2020
POSITION_Y=6174667.137444277
POSITION_X=2412178.259274936
M12=2580.2239550943536
M11=-0.018952691310823243
M10=-0.9863887311834915
M02=-2170.606730067209
INITIAL_SCALE=46.592331337430345
M01=0.9864038446604806
M00=-0.018956370685299664
