#JOSM PicLayer plugin calibration data
#Wed May 20 23:16:12 CEST 2020
POSITION_Y=6173814.002056732
POSITION_X=2410799.9807658056
M12=-148.54289656659068
M11=0.001011104627256896
M10=0.032040997851893356
M02=77.56957019906906
INITIAL_SCALE=317.1727067113087
M01=-0.03204104533977211
M00=0.0010113489728225172
