#JOSM PicLayer plugin calibration data
#Thu May 21 00:25:45 CEST 2020
POSITION_Y=6172540.8525816705
POSITION_X=2409276.0127370553
M12=224.84033817650257
M11=0.2014272525473453
M10=-0.006331146028323032
M02=-70.41103148308257
INITIAL_SCALE=634.3990649675966
M01=0.006332858235840775
M00=0.2014272268563786
