#JOSM PicLayer plugin calibration data
#Sun Jul 26 22:49:03 CEST 2020
POSITION_Y=6019289.383406846
POSITION_X=2095222.5435190538
M12=412.19141963187417
M11=0.2626597946590379
M10=7.948653093085206E-4
M02=354.2536736819622
INITIAL_SCALE=322.92902774839627
M01=-7.953759419674234E-4
M00=0.2626597142764137
