#JOSM PicLayer plugin calibration data
#Sun Jul 26 22:57:15 CEST 2020
POSITION_Y=6019176.962751749
POSITION_X=2095131.6297356263
M12=4973.03877549778
M11=4.201927627594715
M10=0.01242866214656892
M02=3287.9191575522323
INITIAL_SCALE=20.183331620275222
M01=-0.01244576268199397
M00=4.201935284151743
