#JOSM PicLayer plugin calibration data
#Sun Jul 26 22:32:14 CEST 2020
POSITION_Y=6020492.142291284
POSITION_X=2096258.8521155172
M12=-319.1845013362727
M11=3.397076013385985
M10=0.01631207371611417
M02=-576.8348015962509
INITIAL_SCALE=10.091767294111365
M01=-0.01631418928451319
M00=3.3970765147091977
