#JOSM PicLayer plugin calibration data
#Sun Jul 26 22:40:06 CEST 2020
POSITION_Y=6017642.77291267
POSITION_X=2094097.1174093273
M12=-2441.7208690051257
M11=3.757443948516981
M10=0.013302086013722986
M02=-1578.1768110805704
INITIAL_SCALE=10.091767294111365
M01=-0.013300251032423464
M00=3.757448522726941
