#JOSM PicLayer plugin calibration data
#Fri Aug 05 01:42:42 CEST 2022
POSITION_Y=6032081.235940242
POSITION_X=2139963.2895487733
M12=-899.8439927530823
M11=0.2102096908796073
M10=-5.32908778257012E-4
M02=1384.3077796303583
INITIAL_SCALE=80.61296704590784
M01=5.329400771511081E-4
M00=0.21021106754603058
