#JOSM PicLayer plugin calibration data
#Fri Aug 05 01:20:49 CEST 2022
POSITION_Y=6031102.184500315
POSITION_X=2140026.5895599867
M12=774.4246260674621
M11=0.4197197239152194
M10=3.058362792632697E-4
M02=2651.337474817481
INITIAL_SCALE=40.31105010379042
M01=-3.0603181056562375E-4
M00=0.4197179611148107
