#JOSM PicLayer plugin calibration data
#Fri Aug 05 02:00:04 CEST 2022
POSITION_Y=6036195.789317987
POSITION_X=2143483.5139978956
M12=692.2409172324852
M11=0.33639162465550554
M10=-0.0010224845844951287
M02=-2486.644408856608
INITIAL_SCALE=50.4288730614697
M01=0.0010224760334117027
M00=0.33639223108164296
