#JOSM PicLayer plugin calibration data
#Fri Aug 05 01:48:11 CEST 2022
POSITION_Y=6032717.882956564
POSITION_X=2139574.032636822
M12=-230.56148041889912
M11=0.12928880713068386
M10=-3.66947203979037E-4
M02=-779.1837134120753
INITIAL_SCALE=131.1270978701308
M01=3.6739374216451684E-4
M00=0.1292863195739018
