#JOSM PicLayer plugin calibration data
#Fri Aug 05 01:31:43 CEST 2022
POSITION_Y=6031289.69587682
POSITION_X=2140027.7820970607
M12=269.70786891617774
M11=0.10490276478014979
M10=-1.1288497044428785E-4
M02=-824.1691804451134
INITIAL_SCALE=161.23869817149202
M01=1.1314993396425386E-4
M00=0.10490421891008252
