#JOSM PicLayer plugin calibration data
#Fri Aug 05 02:08:42 CEST 2022
POSITION_Y=6034195.518487645
POSITION_X=2138398.4277906725
M12=-1225.7111000285265
M11=0.2063698138776195
M10=-4.696762225325978E-4
M02=-272.25624871898617
INITIAL_SCALE=82.00271222525166
M01=4.6984905290013425E-4
M00=0.20636826447264855
