#JOSM PicLayer plugin calibration data
#Tue Apr 19 23:52:56 CEST 2022
POSITION_X=1977791.6872758537
POSITION_Y=5911349.412495301
INITIAL_SCALE=29.925848591805018
M00=0.282476330655174
M11=0.283337973023095
M10=0.004651146636125522
M02=147.23630912930076
M01=-0.004666003920494219
M12=51.577699269611614
