#JOSM PicLayer plugin calibration data
#Mon May 16 00:28:47 CEST 2022
POSITION_X=1980172.4223694727
POSITION_Y=5908198.227212229
INITIAL_SCALE=131.10590570432905
M00=0.38674440815816946
M11=0.38779903859564774
M10=0.006213609946085341
M02=5.917322009457802
M01=-0.006521025811816145
M12=-159.15563206762394
