#JOSM PicLayer plugin calibration data
#Thu Sep 23 18:46:01 CEST 2021
POSITION_X=1979069.7283214403
POSITION_Y=5910786.270598015
INITIAL_SCALE=5.109065284508548
M00=0.13751559380474196
M11=0.13751559380474196
M10=0.09417158444980896
M02=1352.1157692955212
M01=-0.09417158444980896
M12=-318.486866158168
