#JOSM PicLayer plugin calibration data
#Sun May 15 23:40:40 CEST 2022
POSITION_X=1978853.2352849687
POSITION_Y=5911554.325619599
INITIAL_SCALE=17.431286396539
M00=1.9395063887447415
M11=1.946024894541653
M10=0.031852174082792756
M02=1329.3813957867822
M01=-0.03186850216257098
M12=-2061.7718030538094
