#JOSM PicLayer plugin calibration data
#Wed Jul 01 20:50:15 CEST 2020
POSITION_X=1979881.1623904472
POSITION_Y=5912092.269109921
INITIAL_SCALE=20.43639366099151
M00=0.02818801471948361
M11=0.026744724976748922
M10=-1.6565288878078592
M02=-2091.93081872738
M01=1.6574700120303514
M12=-975.7598256633953
