#JOSM PicLayer plugin calibration data
#Sun May 15 23:45:47 CEST 2022
POSITION_X=1976678.17456871
POSITION_Y=5911193.540491408
INITIAL_SCALE=56.24538685208293
M00=0.6009446982591713
M11=0.6027346471145889
M10=0.010052509929700396
M02=-487.9095360303447
M01=-0.009941816958040783
M12=499.1210026351782
