#JOSM PicLayer plugin calibration data
#Wed Jul 01 22:10:13 CEST 2020
POSITION_X=1976474.6384367647
POSITION_Y=5911004.683957218
INITIAL_SCALE=40.8669423956688
M00=0.015388902451125912
M11=0.014112996853976245
M10=-0.8283084119379422
M02=-243.8309743078086
M01=0.8306473238865469
M12=219.79196750263677
