#JOSM PicLayer plugin calibration data
#Wed Jul 01 22:23:23 CEST 2020
POSITION_X=1978930.773343217
POSITION_Y=5910874.205352769
INITIAL_SCALE=163.4946534404186
M00=0.0034477518218261676
M11=0.0033829059999020794
M10=-0.20714611276438302
M02=-28.561837540925993
M01=0.20734613501070281
M12=-8.649188348645009
