#JOSM PicLayer plugin calibration data
#Sun May 15 23:52:28 CEST 2022
POSITION_X=1979270.7447245158
POSITION_Y=5910528.571831193
INITIAL_SCALE=45.992124649838374
M00=0.7349502686055258
M11=0.7372920031460021
M10=0.011878281159985422
M02=-639.2322729266581
M01=-0.01196151298812926
M12=-273.8892584984361
