#JOSM PicLayer plugin calibration data
#Wed Jul 01 22:27:19 CEST 2020
POSITION_X=1975777.7459264533
POSITION_Y=5912192.744090689
INITIAL_SCALE=163.48358288126178
M00=0.0033633907198208734
M11=0.0033358600678583786
M10=-0.20685443019869007
M02=-675.2652451177324
M01=0.20755529186351507
M12=1179.8897976998005
