#JOSM PicLayer plugin calibration data
#Sun May 15 23:57:15 CEST 2022
POSITION_X=1974286.1131110305
POSITION_Y=5909446.486108836
INITIAL_SCALE=18.55258480573138
M00=1.8222789596266353
M11=1.8282728199956457
M10=0.031081840768093557
M02=-610.8085654813838
M01=-0.030473496958214247
M12=547.6258405407268
