#JOSM PicLayer plugin calibration data
#Wed Jul 01 22:32:51 CEST 2020
POSITION_X=1974762.5684360338
POSITION_Y=5908039.166125465
INITIAL_SCALE=40.88181018037979
M00=0.013129953296333081
M11=0.014015095201628209
M10=-0.8283019207516759
M02=2770.3253149016846
M01=0.8281902067997382
M12=-2247.878451069799
