#JOSM PicLayer plugin calibration data
#Mon May 16 00:04:39 CEST 2022
POSITION_X=1975084.1889447889
POSITION_Y=5908384.994278649
INITIAL_SCALE=201.38489810527022
M00=0.16788445622231363
M11=0.1683752626541747
M10=0.0027664847015942346
M02=413.49970827027533
M01=-0.0027968407013955997
M12=-326.19397541898013
