#JOSM PicLayer plugin calibration data
#Mon May 16 00:12:46 CEST 2022
POSITION_X=1979962.4861551835
POSITION_Y=5909187.550053807
INITIAL_SCALE=136.62865290844678
M00=0.24742507100982664
M11=0.24816568067283923
M10=0.0040149102167969745
M02=-458.7454778512064
M01=-0.0040437984825326566
M12=-8.239785945520959
