#JOSM PicLayer plugin calibration data
#Wed Jul 01 22:46:36 CEST 2020
POSITION_X=1978980.9363373576
POSITION_Y=5909395.028228266
INITIAL_SCALE=81.75441329489999
M00=0.007213321697260253
M11=0.006793063675823649
M10=-0.4142144869299259
M02=82.02286044297188
M01=0.4144826321072094
M12=-50.617512109853564
