#JOSM PicLayer plugin calibration data
#Wed Jun 23 19:01:07 CEST 2021
POSITION_Y=6013230.324317515
POSITION_X=2128250.229141478
M12=-2703.708397840591
M11=0.04209434462573713
M10=-5.472174655089699E-5
M02=53.22315167950784
INITIAL_SCALE=402.4262806390715
M01=5.472066055987109E-5
M00=0.04209431870332086
