#JOSM PicLayer plugin calibration data
#Wed Jun 23 19:08:02 CEST 2021
POSITION_Y=6029694.371894214
POSITION_X=2134032.80373412
M12=102.89989549359187
M11=0.06743690469799223
M10=4.862629284241117E-5
M02=-912.0429456141072
INITIAL_SCALE=251.13199110415377
M01=-4.82003892968739E-5
M00=0.06743648879375899
