#JOSM PicLayer plugin calibration data
#Wed Jun 23 18:47:11 CEST 2021
POSITION_Y=6032085.417284557
POSITION_X=2139066.3476006603
M12=291.5074731778906
M11=0.10502328225553448
M10=1.338952788008314E-5
M02=-4208.061838462107
INITIAL_SCALE=161.26075172550262
M01=-1.3812985977870585E-5
M00=0.10502330888744862
