#JOSM PicLayer plugin calibration data
#Wed Jun 23 18:53:41 CEST 2021
POSITION_Y=6032867.705253629
POSITION_X=2143910.7001767866
M12=620.1435206067272
M11=0.10523303470335581
M10=-1.4202274093031675E-4
M02=-5367.152496785068
INITIAL_SCALE=161.2366042229389
M01=1.4205376583503236E-4
M00=0.10523351653046091
