#JOSM PicLayer plugin calibration data
#Mon Jun 15 00:46:11 CEST 2020
POSITION_X=2086429.602505715
POSITION_Y=5899865.927569992
INITIAL_SCALE=20.46822934516532
M00=1.6516656137135137
M11=1.6567656598437959
M10=0.006146446084208556
M02=2805.1665559272496
M01=-0.006327971436879241
M12=5063.894446334743
