#JOSM PicLayer plugin calibration data
#Mon Jun 15 00:39:03 CEST 2020
POSITION_X=2091436.5243504606
POSITION_Y=5896869.5085766455
INITIAL_SCALE=163.76970457414686
M00=0.20636873035004402
M11=0.20704371154349285
M10=7.552301576973589E-4
M02=-1223.8165458503904
M01=-6.545130360066642E-4
M12=483.9206536887048
