#JOSM PicLayer plugin calibration data
#Sun May 17 19:24:02 CEST 2020
POSITION_X=2113190.785251116
POSITION_Y=6008893.932497138
INITIAL_SCALE=1.0
M00=42.940835937592745
M11=54.0067730893573
M10=-0.004797714144992716
M02=-135.43906312717624
M01=0.03440390706499228
M12=64.03045996745908
