#JOSM PicLayer plugin calibration data
#Sun Apr 18 01:53:49 CEST 2021
POSITION_X=2118696.809565254
POSITION_Y=6010001.7931227805
INITIAL_SCALE=53.433355764089356
M00=0.25437181637755285
M11=0.2550674243513586
M10=-0.4691848396095411
M02=-19.50826390910008
M01=0.470832292385311
M12=44.0099820671564
