#JOSM PicLayer plugin calibration data
#Tue Dec 07 00:29:37 CET 2021
POSITION_X=2119538.6298970855
POSITION_Y=6012221.043737438
INITIAL_SCALE=10.099789277065845
M00=0.09641494316600353
M11=0.09641460466046164
M10=-0.6076172773759547
M02=-61.11417010096484
M01=0.6076144378654993
M12=21.343200700824365
