#JOSM PicLayer plugin calibration data
#Fri Dec 11 02:31:53 CET 2020
POSITION_X=2119492.4989561876
POSITION_Y=6012210.518716942
INITIAL_SCALE=10.09978919001916
M00=1.2201622382996469
M11=1.222421539160823
M10=0.19388080447930167
M02=-14.854058199759374
M01=-0.19439673591910778
M12=-68.98481211466401
