#JOSM PicLayer plugin calibration data
#Sun May 17 20:38:25 CEST 2020
POSITION_X=2115117.070458941
POSITION_Y=6014426.798766781
INITIAL_SCALE=31.318113769638895
M00=1.0792425770981633
M11=1.0825798755400982
M10=7.21938472645049E-4
M02=-324.2946674549531
M01=-4.0997559922358116E-4
M12=23.550680110901624
