#JOSM PicLayer plugin calibration data
#Sun May 17 20:41:21 CEST 2020
POSITION_X=2118356.9425888048
POSITION_Y=6014803.341276534
INITIAL_SCALE=42.77115830429534
M00=0.7902034831505036
M11=0.7925927020265511
M10=4.4337915204203503E-4
M02=239.8377267939023
M01=-3.526508065059572E-4
M12=610.3727926940728
