#JOSM PicLayer plugin calibration data
#Sun May 17 20:44:05 CEST 2020
POSITION_X=2104907.6548392978
POSITION_Y=6014458.321964852
INITIAL_SCALE=161.59544594874262
M00=0.3136468191575833
M11=0.31477199027504094
M10=3.0188454634903436E-4
M02=2728.7404035993636
M01=-2.749581496290339E-4
M12=1072.2262138569263
