#JOSM PicLayer plugin calibration data
#Sun May 17 20:46:28 CEST 2020
POSITION_X=2114994.953915807
POSITION_Y=6011904.847488701
INITIAL_SCALE=161.60083867287946
M00=0.20916170327973496
M11=0.20980937854886111
M10=9.110384359709898E-5
M02=-11.062165962819261
M01=-1.306081325044898E-4
M12=2.3703969989367693
