#JOSM PicLayer plugin calibration data
#Sun May 17 21:07:44 CEST 2020
POSITION_X=2118129.7654332677
POSITION_Y=6011256.329465501
INITIAL_SCALE=323.2288639338642
M00=0.10461777701686119
M11=0.10490336467680826
M10=3.167178129540824E-5
M02=79.5816679868363
M01=-4.4380295413378904E-5
M12=-134.89408090996508
