#JOSM PicLayer plugin calibration data
#Sun May 17 21:17:14 CEST 2020
POSITION_X=2117382.708137322
POSITION_Y=6020196.4807307655
INITIAL_SCALE=646.4662844589076
M00=0.052226393819271785
M11=0.0523814772012921
M10=4.4926243600311536E-5
M02=-622.403864212644
M01=-5.213621738985319E-5
M12=1130.8373257792477
