#JOSM PicLayer plugin calibration data
#Sun May 17 21:28:16 CEST 2020
POSITION_X=2120568.2857848504
POSITION_Y=6010688.724814055
INITIAL_SCALE=323.3372577541193
M00=0.16689199195815096
M11=0.16736334698990718
M10=1.242209829555025E-4
M02=-1170.459215019791
M01=-1.1696234954068289E-4
M12=273.1166278265642
