#JOSM PicLayer plugin calibration data
#Sun May 17 21:40:27 CEST 2020
POSITION_X=2118559.723717372
POSITION_Y=6009335.849129836
INITIAL_SCALE=323.304453766131
M00=0.104588288272296
M11=0.10485890678991319
M10=3.885392531074265E-5
M02=-10.291071495817729
M01=-3.758693231725619E-5
M12=-10.301491564324081
