#JOSM PicLayer plugin calibration data
#Sun May 17 21:55:46 CEST 2020
POSITION_X=2111004.3964254945
POSITION_Y=6007176.507858096
INITIAL_SCALE=646.7736419533636
M00=0.07842104458774445
M11=0.07864327860882322
M10=6.664546387012964E-5
M02=44.757044620028566
M01=-7.195495062950609E-5
M12=32.51912035411214
