#JOSM PicLayer plugin calibration data
#Sun May 17 22:16:39 CEST 2020
POSITION_X=2115056.75803049
POSITION_Y=6006880.309596174
INITIAL_SCALE=323.42105288420885
M00=0.10452910257753215
M11=0.10483747323775794
M10=9.236300661495499E-5
M02=-17.855448352852882
M01=-8.546811239142298E-5
M12=2.4430524532356213
