#JOSM PicLayer plugin calibration data
#Sun May 17 22:22:23 CEST 2020
POSITION_X=2118439.0989207663
POSITION_Y=6007023.626635553
INITIAL_SCALE=161.67905860010703
M00=0.3137422130822233
M11=0.31470174142440616
M10=1.3986855426808057E-4
M02=29.98172233328216
M01=-7.235265117849477E-5
M12=64.32168070542845
