#JOSM PicLayer plugin calibration data
#Sun May 17 22:26:12 CEST 2020
POSITION_X=2112659.735819295
POSITION_Y=6005172.4245227445
INITIAL_SCALE=646.8613606465018
M00=0.07841882578424599
M11=0.07863688539798168
M10=1.0436963698441785E-4
M02=-128.18873088722208
M01=-6.743441975678934E-5
M12=85.94556919703741
