#JOSM PicLayer plugin calibration data
#Sat Dec 12 01:23:34 CET 2020
POSITION_X=2119377.464898167
POSITION_Y=6012394.256580194
INITIAL_SCALE=14.981967719340226
M00=0.11112955016874347
M11=0.11054037017626366
M10=0.023704681651755453
M02=-17.721103472100392
M01=-0.02370196360253964
M12=-9.652722552955499
