#JOSM PicLayer plugin calibration data
#Sun Nov 09 19:28:38 CET 2025
POSITION_Y=5995139.459035731
POSITION_X=1833391.089696869
M12=224.92646590291028
M11=0.4788594899459077
M10=0.016503280094215228
M02=636.7942964924371
INITIAL_SCALE=80.96108957307493
M01=-0.016506712742470245
M00=0.4788386046040944
