#JOSM PicLayer plugin calibration data
#Sun Nov 09 19:28:25 CET 2025
POSITION_Y=5994842.369804699
POSITION_X=1836049.2172137008
M12=-80.51486630789641
M11=0.4767072540977061
M10=0.01652668192100364
M02=-55.716160577945146
INITIAL_SCALE=80.96094468282509
M01=-0.016529440919364684
M00=0.47671559227604327
