#JOSM PicLayer plugin calibration data
#Mon Sep 19 21:56:06 CEST 2022
POSITION_Y=6117261.347694148
POSITION_X=2151070.5440271352
M12=-585.0561635110923
M11=0.21260620857125276
M10=-3.98226189310615E-4
M02=-874.3480743943343
INITIAL_SCALE=159.6063637625173
M01=8.663610427719264E-4
M00=0.21208390402758046
