#JOSM PicLayer plugin calibration data
#Mon Sep 19 22:28:34 CEST 2022
POSITION_Y=6121380.286547946
POSITION_X=2149233.3699005074
M12=681.9602724799305
M11=0.847774212670786
M10=-0.003355373541553942
M02=-404.26643355233307
INITIAL_SCALE=39.90732783753933
M01=0.0033546054811641663
M00=0.847770542293576
