#JOSM PicLayer plugin calibration data
#Mon Sep 19 21:39:00 CEST 2022
POSITION_Y=6120175.50939752
POSITION_X=2148082.333952611
M12=636.5662065627725
M11=0.2123331751081405
M10=-5.872221422488717E-4
M02=-756.0327237137236
INITIAL_SCALE=159.59978202551295
M01=5.72560932707859E-4
M00=0.21175667548395408
