#JOSM PicLayer plugin calibration data
#Fri Aug 12 20:32:03 CEST 2022
POSITION_Y=5983014.039454039
POSITION_X=2111410.475304231
M12=-4285.530099730902
M11=-1.0433101607811571E-4
M10=0.10466639285914053
M02=-2215.489012760967
INITIAL_SCALE=161.9254335835456
M01=-0.10466636638941287
M00=-1.0433312546554371E-4
