#JOSM PicLayer plugin calibration data
#Fri Aug 12 23:38:03 CEST 2022
POSITION_Y=5974454.286614667
POSITION_X=2117655.6193808434
M12=-8937.107084877593
M11=-3.7228516520922405E-4
M10=0.10470391782128816
M02=-4172.04124926581
INITIAL_SCALE=161.91339657658366
M01=-0.10470392687389457
M00=-3.7222580066735485E-4
