#JOSM PicLayer plugin calibration data
#Fri Aug 12 20:44:20 CEST 2022
POSITION_Y=6018230.011579299
POSITION_X=2113433.667896653
M12=9381.860995072273
M11=-1.1967283336191922E-4
M10=0.10390281692242592
M02=-4275.985871778097
INITIAL_SCALE=162.05325698622903
M01=-0.10390312072907419
M00=-1.1954362727094691E-4
