#JOSM PicLayer plugin calibration data
#Sat Jun 20 01:02:34 CEST 2020
POSITION_X=2013225.9193376836
POSITION_Y=5955037.488743052
INITIAL_SCALE=81.33197556365162
M00=0.4204711368611376
M11=0.41650262710746794
M10=0.009879021348234105
M02=0.2795547066603697
M01=-0.009092697325003542
M12=-25.12758686488413
