#JOSM PicLayer plugin calibration data
#Sat Jun 20 00:21:32 CEST 2020
POSITION_X=2013173.367686409
POSITION_Y=5957482.877678222
INITIAL_SCALE=162.66966128118503
M00=0.2101328977308534
M11=0.2082672516144737
M10=0.00495962235700383
M02=-0.1593901827320187
M01=-0.004519031005101433
M12=5.407395389152891
