#JOSM PicLayer plugin calibration data
#Sat Jun 20 00:11:58 CEST 2020
POSITION_X=2012137.886013187
POSITION_Y=5954854.457890167
INITIAL_SCALE=81.328863977089
M00=0.42037899183286953
M11=0.4165526415193261
M10=0.009942642842468024
M02=-50.94498339921976
M01=-0.009147951165833957
M12=70.38595889796244
