#JOSM PicLayer plugin calibration data
#Sat Jun 20 01:12:22 CEST 2020
POSITION_X=2013769.3388356487
POSITION_Y=5956969.912364388
INITIAL_SCALE=81.31297171672388
M00=0.42060435619074454
M11=0.4167682131761621
M10=0.009660532090987056
M02=-4.581393874329517
M01=-0.008803919361989312
M12=-21.562184391355732
