#JOSM PicLayer plugin calibration data
#Sat Jun 13 00:56:02 CEST 2020
POSITION_X=2011963.5140424115
POSITION_Y=5955723.630504767
INITIAL_SCALE=81.33272836900204
M00=0.42016860093847963
M11=0.4163518567902394
M10=0.009677022636879402
M02=81.9412139955628
M01=-0.009264846957994502
M12=128.31470650370582
