#JOSM PicLayer plugin calibration data
#Sat Jun 20 00:53:16 CEST 2020
POSITION_X=2013205.6145577168
POSITION_Y=5955831.121270123
INITIAL_SCALE=162.64918505829368
M00=0.21016706158868842
M11=0.20833132145817834
M10=0.004930545561392627
M02=1.403953488321255
M01=-0.004560586460229358
M12=-15.204469068096238
