#JOSM PicLayer plugin calibration data
#Sat Jun 20 01:15:57 CEST 2020
POSITION_X=2014403.5273047022
POSITION_Y=5959227.790520217
INITIAL_SCALE=81.29200573202125
M00=0.4179149703596812
M11=0.41396274795873317
M10=0.009679088854579715
M02=9.368554879893402
M01=-0.008834870200893618
M12=-4.50349458452567
