#JOSM PicLayer plugin calibration data
#Sat Jun 20 00:26:29 CEST 2020
POSITION_X=2013183.521270721
POSITION_Y=5956684.765821862
INITIAL_SCALE=40.65578326634126
M00=0.8408128040782229
M11=0.8332159317889248
M10=0.019415219217176878
M02=13.739831537107518
M01=-0.018198706258695227
M12=25.163857687790944
