#JOSM PicLayer plugin calibration data
#Sun Oct 02 01:57:16 CEST 2022
POSITION_X=2091265.8485527588
POSITION_Y=5996303.552480728
INITIAL_SCALE=129.72019134226196
M00=0.26071583616760324
M11=0.2614883343999929
M10=7.143617218671864E-4
M02=-203.5763331387309
M01=-9.931671939852065E-4
M12=401.1940152546116
