#JOSM PicLayer plugin calibration data
#Sun Oct 02 02:01:49 CEST 2022
POSITION_X=2093601.9109244468
POSITION_Y=5995701.499205412
INITIAL_SCALE=103.65362324622578
M00=0.3260879920305834
M11=0.327115598799015
M10=9.64422134771033E-4
M02=-180.4881525471714
M01=-0.0010559137981538112
M12=107.00376550700331
