#JOSM PicLayer plugin calibration data
#Sun Oct 02 02:06:45 CEST 2022
POSITION_X=2091159.6378914595
POSITION_Y=5993886.837889696
INITIAL_SCALE=82.8219664481155
M00=0.40817447737837625
M11=0.40943447259021715
M10=0.0013211542287019551
M02=-21.485793839196216
M01=-0.0013912647061971911
M12=9.578890584277103
