#JOSM PicLayer plugin calibration data
#Sun Oct 02 02:10:24 CEST 2022
POSITION_X=2092610.9380152507
POSITION_Y=5993117.112650806
INITIAL_SCALE=8.272515983238812
M00=4.086784093833452
M11=4.09931651772037
M10=0.01310258248725884
M02=6510.4418512332
M01=-0.012817783725474414
M12=-5153.3473630387925
