#JOSM PicLayer plugin calibration data
#Sun Oct 02 02:13:55 CEST 2022
POSITION_X=2091813.661990062
POSITION_Y=5992133.971759981
INITIAL_SCALE=45.76127368238953
M00=0.7387112699175068
M11=0.7410060768534611
M10=0.002292046431950647
M02=-267.5148896429314
M01=-0.002498497736953521
M12=-119.64329321184398
