#JOSM PicLayer plugin calibration data
#Sun Oct 02 02:20:59 CEST 2022
POSITION_X=2100002.6625300776
POSITION_Y=5994243.780306916
INITIAL_SCALE=4.571602134496428
M00=7.397784249109829
M11=7.418418778976964
M10=0.021456910757628175
M02=-91604.62185569495
M01=-0.020236287041532835
M12=-62446.157606560206
