#JOSM PicLayer plugin calibration data
#Sun Oct 02 02:24:44 CEST 2022
POSITION_X=2096659.3789760629
POSITION_Y=5995550.493139089
INITIAL_SCALE=39.670084840344224
M00=0.8525864287491977
M11=0.8549173061143517
M10=0.0023525741718193223
M02=-108.85709414984146
M01=-0.002636733514487553
M12=-41.536044945082175
