#JOSM PicLayer plugin calibration data
#Sun Jul 18 00:06:17 CEST 2021
POSITION_Y=5891409.038368526
POSITION_X=2360229.7229724173
M12=-1872.1238664793566
M11=0.2065554173407766
M10=-0.005808510055529422
M02=1452.625202224148
INITIAL_SCALE=163.72027984109874
M01=0.005809862276958671
M00=0.20655507151996796
