#JOSM PicLayer plugin calibration data
#Sun Jul 18 00:10:32 CEST 2021
POSITION_Y=5898834.177277795
POSITION_X=2363493.227573117
M12=-558.6790830549114
M11=0.8285761676729239
M10=-0.022922441157389617
M02=501.13389660023984
INITIAL_SCALE=40.92849617754609
M01=0.023646006824571523
M00=0.8255155027650504
