#JOSM PicLayer plugin calibration data
#Sun Jul 18 00:06:30 CEST 2021
POSITION_Y=5898773.267118045
POSITION_X=2372073.880565247
M12=-223.946611336336
M11=0.41434020661163096
M10=-0.011282388448742969
M02=-3132.5948298101125
INITIAL_SCALE=81.85200312071795
M01=0.011284635182994837
M00=0.4143441291185645
