#JOSM PicLayer plugin calibration data
#Thu Apr 02 22:35:37 CEST 2020
POSITION_Y=6015961.681416176
POSITION_X=2085187.9216412366
M12=97.58276147496447
M11=0.6127660084695774
M10=0.0025177849676624084
M02=185.57545368369307
INITIAL_SCALE=276.6671663200191
M01=-0.0025134447834189314
M00=0.6127562324322158
