#JOSM PicLayer plugin calibration data
#Sun Jun 06 00:35:22 CEST 2021
POSITION_Y=5888937.885429344
POSITION_X=2347087.7158453623
M12=-999.3106964263507
M11=2.4822753792787235
M10=-0.0633292097645481
M02=2896.850388892104
INITIAL_SCALE=79.49249177027959
M01=0.06333472544417545
M00=2.4822726486402353
