#JOSM PicLayer plugin calibration data
#Sun Jun 06 00:26:46 CEST 2021
POSITION_Y=5891611.59201616
POSITION_X=2340972.5864163116
M12=146.89597318533987
M11=0.04511775152388767
M10=-0.0011301614906321842
M02=343.32259923676526
INITIAL_SCALE=1662.8240509873842
M01=0.001130103500358583
M00=0.04511774499245208
