#JOSM PicLayer plugin calibration data
#Sun Jun 06 00:31:08 CEST 2021
POSITION_Y=5885725.729741924
POSITION_X=2342284.702597501
M12=-1498.4817356751423
M11=0.4437036036652072
M10=-0.011142276903447811
M02=1722.5364260673553
INITIAL_SCALE=188.21720267336718
M01=0.011140380459960634
M00=0.4437024920373265
