#JOSM PicLayer plugin calibration data
#Thu Jul 02 00:35:35 CEST 2020
POSITION_X=2506431.8577678665
POSITION_Y=6102635.41084783
INITIAL_SCALE=148.33986818016135
M00=0.949089768170453
M11=0.9513580738824555
M10=-0.0428275347485384
M02=7.812254684748204
M01=0.042404658298510596
M12=-44.44794283389928
