#JOSM PicLayer plugin calibration data
#Thu Jul 02 00:31:29 CEST 2020
POSITION_X=2506326.004492236
POSITION_Y=6106031.639443306
INITIAL_SCALE=120.09041585739143
M00=1.1720018330380184
M11=1.1753379606133254
M10=-0.05144960323284659
M02=144.06275543120924
M01=0.05209822209557233
M12=23.65185381121511
