#JOSM PicLayer plugin calibration data
#Thu Jul 02 00:44:48 CEST 2020
POSITION_X=2508255.078421136
POSITION_Y=6101456.430417167
INITIAL_SCALE=212.0542801564786
M00=1.6606809391630504
M11=1.6638426110907496
M10=-0.07379681640058819
M02=-632.3663247337704
M01=0.07317753773284104
M12=-107.0595457301314
