#JOSM PicLayer plugin calibration data
#Thu Jul 02 00:40:45 CEST 2020
POSITION_X=2507057.4535316615
POSITION_Y=6108989.814370471
INITIAL_SCALE=183.2662648552663
M00=1.9188236906791625
M11=1.925032433545886
M10=-0.08612017827554222
M02=-157.51316162411447
M01=0.08519103882876637
M12=-260.21795881866836
