#JOSM PicLayer plugin calibration data
#Thu Jan 07 20:47:18 CET 2021
POSITION_X=2113500.2972414657
POSITION_Y=6006267.3765392285
INITIAL_SCALE=34.77546847601645
M00=1.2034908424802726
M11=1.2068685410993978
M10=0.0016858308246465808
M02=-5.95111103714552
M01=-0.0011479625230379907
M12=-65.15561189033096
