#JOSM PicLayer plugin calibration data
#Tue Jun 21 00:47:17 CEST 2022
POSITION_X=2022857.2148851869
POSITION_Y=5905486.6405087495
INITIAL_SCALE=800.9294253828874
M00=0.042279404575304866
M11=0.04240892632507017
M10=6.201910782496886E-4
M02=-2525.097266123422
M01=-6.226625106021478E-4
M12=-1100.5380025570275
