#JOSM PicLayer plugin calibration data
#Tue Jun 21 00:59:27 CEST 2022
POSITION_X=1994298.835509284
POSITION_Y=5919864.801912295
INITIAL_SCALE=91.16419638325291
M00=1.483393505763606
M11=1.4884884206651838
M10=0.02193270632714127
M02=520.0634843918048
M01=-0.021401771520307766
M12=1055.8944518016506
