#JOSM PicLayer plugin calibration data
#Tue Jun 21 00:53:35 CEST 2022
POSITION_X=1994078.070198428
POSITION_Y=5922269.134113598
INITIAL_SCALE=120.71489648956765
M00=0.28005833408022823
M11=0.2809811667534438
M10=0.004091998975074227
M02=-354.5389450970126
M01=-0.004125957743178289
M12=503.949763436735
