#JOSM PicLayer plugin calibration data
#Mon Jun 22 01:14:06 CEST 2020
POSITION_X=2048497.0802006978
POSITION_Y=6018294.8502448
INITIAL_SCALE=36.77373935412788
M00=5.571444236353632
M11=5.58886319142478
M10=0.04677447516687414
M02=-1464.0946853817527
M01=-0.04605151461942015
M12=369.63030091308065
