#JOSM PicLayer plugin calibration data
#Mon Jun 22 00:59:15 CEST 2020
POSITION_X=2047987.863739444
POSITION_Y=6019948.929212812
INITIAL_SCALE=40.93418321468214
M00=0.8258494838660195
M11=0.8283134913102613
M10=0.006900379657077735
M02=23.121598548423425
M01=-0.00684511229462885
M12=67.98600709879007
