#JOSM PicLayer plugin calibration data
#Mon Jun 22 01:02:49 CEST 2020
POSITION_X=2046905.5639268653
POSITION_Y=6021703.702363707
INITIAL_SCALE=398.17806815863446
M00=0.08489875884617373
M11=0.08518708567938463
M10=7.172821582490122E-4
M02=-2.8795676809251844
M01=-7.173754479216737E-4
M12=-32.08611232603348
