#JOSM PicLayer plugin calibration data
#Wed May 26 01:17:18 CEST 2021
POSITION_Y=5981804.991798771
POSITION_X=2080925.7905026276
M12=-31394.525728277007
M11=7.214898088080575
M10=0.03768832555124343
M02=30738.595725233256
INITIAL_SCALE=9.364412545720594
M01=-0.03757101590247771
M00=7.214906001814568
