#JOSM PicLayer plugin calibration data
#Tue May 25 22:29:31 CEST 2021
POSITION_Y=5981804.991798771
POSITION_X=2080925.7905026276
M12=2860.924457949872
M11=7.226647686957043
M10=0.04379852731520908
M02=14256.006280581849
INITIAL_SCALE=9.364412545720594
M01=-0.04367305084352816
M00=7.22664014233215
