#JOSM PicLayer plugin calibration data
#Mon May 31 22:39:26 CEST 2021
POSITION_Y=5919887.805436242
POSITION_X=2247454.051320384
M12=-60.990334374572896
M11=0.12936611471216675
M10=-0.0020542748263187994
M02=106.76696822794284
INITIAL_SCALE=326.6409620907723
M01=0.002054561673088326
M00=0.12936620585421318
