#JOSM PicLayer plugin calibration data
#Mon May 31 22:54:05 CEST 2021
POSITION_Y=5919935.578578921
POSITION_X=2248753.480801232
M12=303.02543656505446
M11=0.3363529025555397
M10=-0.005336865204921086
M02=-116.16582985526645
INITIAL_SCALE=326.6391767391463
M01=0.005336647990012845
M00=0.3363517308221681
