#JOSM PicLayer plugin calibration data
#Fri Jun 19 21:04:48 CEST 2020
POSITION_X=2009615.4628854473
POSITION_Y=5960134.2870968655
INITIAL_SCALE=162.57138752823366
M00=0.2256833219230955
M11=0.2263992304026327
M10=0.0027979210211012654
M02=606.6408506347749
M01=-0.0027146059900797306
M12=107.7178404403419
