#JOSM PicLayer plugin calibration data
#Mon Jun 14 22:34:38 CEST 2021
POSITION_Y=6061017.753807271
POSITION_X=2201691.3074870864
M12=-627.7074446482443
M11=0.7750113224986211
M10=-0.006852309552166695
M02=-101.49495819406917
INITIAL_SCALE=80.32897868885952
M01=0.00685608283077588
M00=0.7750157226646812
