#JOSM PicLayer plugin calibration data
#Mon Jun 14 22:32:47 CEST 2021
POSITION_Y=6051321.275572603
POSITION_X=2188024.2618286586
M12=-2356.255218723367
M11=0.07056080618256856
M10=-6.566918174348861E-4
M02=2482.777920997615
INITIAL_SCALE=321.30211186375783
M01=6.566830471902825E-4
M00=0.07056090328322234
