#JOSM PicLayer plugin calibration data
#Tue Aug 11 01:40:48 CEST 2020
POSITION_Y=5976212.635055875
POSITION_X=2072189.9212854595
M12=56.54046764336535
M11=0.4122564866241259
M10=-0.001758714966143738
M02=998.7463036060167
INITIAL_SCALE=40.580723989122504
M01=0.0017575174654489072
M00=0.412258607154819
