#JOSM PicLayer plugin calibration data
#Tue Aug 11 04:29:50 CEST 2020
POSITION_Y=5976763.22470539
POSITION_X=2075229.9311814257
M12=433.32363965111796
M11=0.05167097387897044
M10=7.1089145913465E-5
M02=-969.7183299816922
INITIAL_SCALE=324.6145066448559
M01=-7.089566241199999E-5
M00=0.051670889215197406
