#JOSM PicLayer plugin calibration data
#Wed Aug 12 18:25:09 CEST 2020
POSITION_Y=5974395.166156273
POSITION_X=2071252.3727632351
M12=-868.6877401160862
M11=0.20456896918777978
M10=0.0016816312544401266
M02=366.6431484210335
INITIAL_SCALE=81.1469929260799
M01=-0.0016827441720863548
M00=0.20456934280928932
