#JOSM PicLayer plugin calibration data
#Tue Aug 11 04:43:05 CEST 2020
POSITION_Y=5975743.563108368
POSITION_X=2074074.571166952
M12=256.5618025629519
M11=0.20540306813147366
M10=0.0012782105151315762
M02=-1067.892111852332
INITIAL_SCALE=81.14151872321949
M01=-0.001278339193753732
M00=0.2054031394320434
