#JOSM PicLayer plugin calibration data
#Tue Aug 11 03:41:09 CEST 2020
POSITION_Y=5974930.822518553
POSITION_X=2071847.148389579
M12=193.85809439999133
M11=0.2062567778490668
M10=0.001698345646255784
M02=-124.56578112245883
INITIAL_SCALE=81.14673649559352
M01=-0.001698147755085975
M00=0.20625656159857547
