#JOSM PicLayer plugin calibration data
#Tue Aug 11 04:47:38 CEST 2020
POSITION_Y=5976893.103756899
POSITION_X=2075283.8294381585
M12=-45.33765411423682
M11=0.4050771479535336
M10=0.0016693251227596442
M02=-493.072754656018
INITIAL_SCALE=40.56861039624338
M01=-0.0016687166441377902
M00=0.4050804856325717
