#JOSM PicLayer plugin calibration data
#Tue Aug 11 01:53:46 CEST 2020
POSITION_Y=5976797.482378132
POSITION_X=2074086.963370871
M12=-721.1652145004497
M11=1.6182806738684654
M10=0.014604690804464963
M02=-1274.1161635213982
INITIAL_SCALE=10.141229681526138
M01=-0.01460994115382754
M00=1.6182463339810993
