#JOSM PicLayer plugin calibration data
#Tue Aug 11 02:04:52 CEST 2020
POSITION_Y=5977093.75991361
POSITION_X=2075609.2750151902
M12=95.395635299214
M11=0.025430274858975477
M10=8.959690118797203E-5
M02=-179.41554367353817
INITIAL_SCALE=649.0078165021769
M01=-8.946451753701975E-5
M00=0.025430350170804836
