#JOSM PicLayer plugin calibration data
#Tue Aug 11 02:40:46 CEST 2020
POSITION_Y=5973710.219917453
POSITION_X=2072601.9628495667
M12=205.22289941365065
M11=0.10102228141458011
M10=6.438829571916964E-4
M02=-375.01119181638586
INITIAL_SCALE=162.3218367231122
M01=-6.443310112076268E-4
M00=0.10102258656070565
