#JOSM PicLayer plugin calibration data
#Tue Aug 11 02:19:28 CEST 2020
POSITION_Y=5973454.633604125
POSITION_X=2069666.3032319888
M12=99.38617490588041
M11=0.10245928011039106
M10=8.935302313787825E-4
M02=-71.12493912865581
INITIAL_SCALE=162.3199636232686
M01=-8.935066734109824E-4
M00=0.10245899273324953
