#JOSM PicLayer plugin calibration data
#Tue Aug 11 02:30:27 CEST 2020
POSITION_Y=5972331.967139842
POSITION_X=2069855.0047569107
M12=-32.130345286432814
M11=0.05163302481936105
M10=3.308118482441251E-4
M02=154.64525944857067
INITIAL_SCALE=324.6831871932549
M01=-3.309291153744984E-4
M00=0.05163333372435905
