#JOSM PicLayer plugin calibration data
#Tue Aug 11 03:28:13 CEST 2020
POSITION_Y=5972858.66603787
POSITION_X=2072997.2832165717
M12=76.83411842477626
M11=0.05139982657761438
M10=1.1238576271617915E-5
M02=-38.86203741762091
INITIAL_SCALE=324.6500062031759
M01=-1.1212667634389891E-5
M00=0.051399774283978704
