#JOSM PicLayer plugin calibration data
#Tue Aug 11 05:18:28 CEST 2020
POSITION_Y=5963566.794564266
POSITION_X=2074068.5911638166
M12=-975.8230597324249
M11=0.182742112916579
M10=9.997811579854662E-4
M02=-144.79406638952182
INITIAL_SCALE=649.0902286609423
M01=-9.99735623734991E-4
M00=0.18274207994362632
