#JOSM PicLayer plugin calibration data
#Tue Aug 11 03:18:55 CEST 2020
POSITION_Y=5970524.348465097
POSITION_X=2069390.4133330218
M12=-506.47699857826404
M11=0.10441401691552293
M10=3.6976316908964474E-4
M02=47.310149958623214
INITIAL_SCALE=162.33160365197182
M01=-3.6976021379520383E-4
M00=0.10441400647336373
