#JOSM PicLayer plugin calibration data
#Tue Aug 11 04:54:29 CEST 2020
POSITION_Y=5977606.866158217
POSITION_X=2074818.6366698365
M12=-25.08937939424026
M11=0.10351122413243312
M10=5.992755959352594E-4
M02=73.26038610837637
INITIAL_SCALE=162.24727187917958
M01=-5.992726291571708E-4
M00=0.10351143242813497
