#JOSM PicLayer plugin calibration data
#Tue Aug 11 03:06:13 CEST 2020
POSITION_Y=5973760.381717266
POSITION_X=2071699.0504529476
M12=-81.315957570912
M11=0.10148865814370178
M10=6.431318305887424E-4
M02=2.8596787534744372
INITIAL_SCALE=162.3218367231122
M01=-6.42741131565042E-4
M00=0.10148827702362091
