#JOSM PicLayer plugin calibration data
#Tue Aug 11 02:54:56 CEST 2020
POSITION_Y=5973017.50934862
POSITION_X=2069147.9646339302
M12=230.08312029733602
M11=0.10122176288374937
M10=4.221342430326556E-4
M02=150.63464951626304
INITIAL_SCALE=162.3366432417365
M01=-4.214764777410516E-4
M00=0.10122226212222424
